{
 "cells": [
  {
   "cell_type": "markdown",
   "id": "thorough-consortium",
   "metadata": {},
   "source": [
    "### ===Task===\n",
    "\n",
    "1. Declare a list of 1 to 4 using range()\n",
    "\n",
    "2. Continuing, create numpy array from this list, with dtype='float32'\n",
    "\n",
    "3. Create an numpy array of size 3 by 5 using np.zeros\n",
    "\n",
    "4. Create an numpy array of size 2 by 3 with filled value 1 / 3\n",
    "\n",
    "5. Create a list of 500 numbers for 0 to 10"
   ]
  },
  {
   "cell_type": "code",
   "execution_count": 1,
   "id": "unlike-johns",
   "metadata": {},
   "outputs": [
    {
     "name": "stdout",
     "output_type": "stream",
     "text": [
      "Answer Q1:  [1, 2, 3, 4]\n",
      "Answer Q2:  [1 2 3 4]\n",
      "Answer Q3:  [[0. 0. 0. 0. 0.]\n",
      " [0. 0. 0. 0. 0.]\n",
      " [0. 0. 0. 0. 0.]]\n",
      "Answer Q4:  [[0.33333333 0.33333333 0.33333333]\n",
      " [0.33333333 0.33333333 0.33333333]]\n",
      "Answer Q5:  [8, 7, 6, 5, 1, 4, 1, 3, 6, 5, 5, 6, 6, 7, 4, 4, 6, 6, 5, 3, 6, 2, 9, 3, 5, 8, 7, 0, 1, 2, 3, 0, 1, 5, 4, 7, 2, 1, 5, 4, 9, 3, 9, 7, 8, 4, 2, 4, 2, 7, 6, 1, 3, 4, 1, 6, 1, 8, 7, 8, 6, 1, 9, 0, 5, 3, 7, 4, 7, 7, 5, 1, 5, 7, 5, 8, 6, 7, 7, 4, 4, 2, 6, 5, 7, 2, 5, 3, 8, 3, 3, 7, 3, 3, 4, 3, 2, 7, 8, 5, 4, 4, 6, 0, 0, 6, 9, 9, 0, 5, 2, 0, 4, 8, 3, 2, 8, 0, 7, 8, 2, 2, 9, 3, 0, 5, 9, 3, 1, 9, 5, 9, 4, 4, 2, 5, 6, 0, 0, 3, 7, 3, 8, 5, 8, 7, 5, 7, 6, 5, 6, 4, 3, 3, 5, 1, 2, 3, 4, 9, 7, 8, 1, 7, 0, 3, 1, 1, 8, 8, 0, 1, 7, 3, 5, 5, 7, 1, 2, 7, 4, 7, 6, 0, 1, 0, 6, 7, 7, 8, 2, 8, 0, 6, 8, 4, 3, 9, 8, 6, 2, 2, 6, 3, 3, 5, 7, 1, 9, 3, 3, 8, 5, 9, 4, 2, 4, 2, 1, 0, 5, 0, 8, 6, 1, 0, 7, 3, 1, 0, 7, 5, 2, 7, 7, 9, 6, 7, 1, 9, 3, 4, 7, 9, 8, 0, 2, 1, 2, 7, 5, 6, 1, 4, 7, 6, 2, 2, 0, 3, 2, 2, 3, 7, 2, 8, 9, 0, 8, 5, 9, 0, 6, 8, 4, 7, 6, 0, 7, 0, 7, 6, 1, 6, 1, 8, 2, 5, 6, 5, 8, 7, 8, 8, 1, 0, 5, 1, 2, 8, 6, 7, 3, 2, 7, 4, 6, 2, 5, 7, 9, 4, 3, 2, 2, 1, 7, 1, 9, 2, 5, 6, 7, 3, 0, 3, 2, 7, 8, 9, 0, 8, 1, 1, 8, 1, 1, 7, 9, 8, 0, 7, 0, 2, 6, 1, 2, 6, 4, 0, 2, 1, 9, 0, 4, 7, 2, 4, 2, 1, 5, 3, 9, 9, 8, 0, 8, 5, 4, 3, 5, 5, 7, 7, 8, 5, 2, 8, 1, 4, 4, 3, 2, 1, 2, 7, 4, 4, 5, 7, 8, 6, 6, 9, 1, 1, 8, 3, 2, 2, 5, 7, 8, 3, 3, 9, 4, 2, 8, 4, 3, 8, 9, 9, 4, 5, 7, 5, 1, 0, 8, 1, 9, 6, 3, 7, 6, 5, 3, 5, 3, 4, 4, 3, 2, 7, 2, 2, 2, 4, 3, 6, 9, 1, 7, 9, 7, 1, 0, 4, 5, 3, 3, 8, 3, 4, 9, 9, 1, 1, 7, 6, 0, 5, 6, 1, 0, 7, 8, 7, 0, 5, 0, 7, 1, 0, 8, 5, 4, 3, 5, 0, 0, 3, 3, 8, 9, 7, 8, 1, 8, 4, 9, 0, 7, 1, 9, 5, 1, 8]\n"
     ]
    }
   ],
   "source": [
    "#====== 1 =======\n",
    "l = [elem for elem in range(1,5)]\n",
    "print(\"Answer Q1: \", l)\n",
    "#====== 2 =======\n",
    "import numpy as np\n",
    "n = np.array(l)\n",
    "print(\"Answer Q2: \",n)\n",
    "#====== 3 =======\n",
    "n_0 = np.zeros((3,5))\n",
    "print(\"Answer Q3: \",n_0)\n",
    "#====== 4 =======\n",
    "n_f = np.full((2,3),1/3)\n",
    "print(\"Answer Q4: \",n_f )\n",
    "#====== 5 =======\n",
    "l5 = list(np.random.randint(0,10,(500)))\n",
    "print(\"Answer Q5: \",l5 )"
   ]
  },
  {
   "cell_type": "markdown",
   "id": "occupied-ecology",
   "metadata": {},
   "source": [
    "6. Create a list of number for 0.001, 0.01, 0.1, 1 using np.logspace\n",
    "\n",
    "7. Create a diagonal matrix of list [1, 2, 3, 4]\n",
    "\n",
    "8. Create a random array of size 4 by 5 all filled with random values between 0 and 1\n",
    "\n",
    "9.  Create a random array of size 4 by 5 all filled with integer random values between 2 and 5\n",
    "\n",
    "10.  Create a random array of size 4 by 5 all filled with float random values between 2 and 5\n",
    "\n",
    "11. Create a random array of size 4 by 5 with mean = 5, and std = 1 following a gaussian (normal) distribution\n",
    "\n",
    "12. Create an identity matrix of size 5 by 5"
   ]
  },
  {
   "cell_type": "code",
   "execution_count": 2,
   "id": "refined-speed",
   "metadata": {},
   "outputs": [
    {
     "name": "stdout",
     "output_type": "stream",
     "text": [
      "Answer Q6:  [1.e-03 1.e-02 1.e-01 1.e+00 1.e+01]\n",
      "Answer Q7:  [[1 0 0 0]\n",
      " [0 2 0 0]\n",
      " [0 0 3 0]\n",
      " [0 0 0 4]]\n",
      "Answer Q8:  [[0.6675885  0.02838447 0.64417149 0.04117376 0.90098179]\n",
      " [0.9168302  0.39113085 0.74097201 0.55391911 0.30872269]\n",
      " [0.88982847 0.68881683 0.91594778 0.05980074 0.85859999]\n",
      " [0.0501177  0.93201671 0.35818171 0.36904087 0.73833328]]\n",
      "Answer Q9:  [[3 4 3 4 3]\n",
      " [4 3 2 2 3]\n",
      " [4 3 4 4 4]\n",
      " [2 4 3 2 4]]\n",
      "Answer Q10:  [[4.61462871 4.8703869  3.67958256 3.748197   2.26236302]\n",
      " [2.36934423 3.60397147 3.30701475 3.94706683 4.55532012]\n",
      " [3.72437989 3.45611733 2.50594435 2.83932968 3.79923611]\n",
      " [4.72915895 2.08174088 4.94227005 3.23968117 4.43816642]]\n",
      "Answer Q11:  [[5.9393921  5.62106495 3.69166964 3.91791748 4.02573441]\n",
      " [6.07710869 3.81307414 5.86191233 5.16245145 5.15290654]\n",
      " [5.45848469 4.37182362 4.41962935 4.33878    3.40759769]\n",
      " [6.2608062  5.59312169 4.73523313 4.04597239 4.5617819 ]]\n",
      "Answer Q12:  [[1. 0. 0.]\n",
      " [0. 1. 0.]\n",
      " [0. 0. 1.]]\n"
     ]
    }
   ],
   "source": [
    "#====== 6 =======\n",
    "n6 = np.logspace(-3,1,5)\n",
    "print(\"Answer Q6: \",n6 )\n",
    "#====== 7 =======\n",
    "n7 = np.diag(list(range(1,5)))\n",
    "print(\"Answer Q7: \",n7 )\n",
    "#====== 8 =======\n",
    "n8 = np.random.random((4,5))\n",
    "print(\"Answer Q8: \",n8 )\n",
    "#====== 9 =======\n",
    "n9 = np.random.randint(2,5,(4,5))\n",
    "print(\"Answer Q9: \",n9 )\n",
    "#====== 10 =======\n",
    "n10 = np.random.uniform(2,5,(4,5))\n",
    "print(\"Answer Q10: \",n10 )\n",
    "#====== 11 =======\n",
    "n11 = np.random.normal(5,1,(4,5))\n",
    "print(\"Answer Q11: \",n11 )\n",
    "#====== 12 =======\n",
    "n12 = np.identity(3)\n",
    "print(\"Answer Q12: \",n12 )"
   ]
  },
  {
   "cell_type": "markdown",
   "id": "labeled-louis",
   "metadata": {},
   "source": [
    "### ===Task===\n",
    "\n",
    "1. Create a numpy array of size 3 by 4 with random float values between 1 to 5\n",
    "\n",
    "2. Continuing, print the shape of this array\n",
    "\n",
    "3. Continuing, access the first row of the array\n",
    "\n",
    "4. Continuing, access the first column of the array\n",
    "\n",
    "5. Continuing, access the second row, and third column element\n",
    "\n",
    "6. Continuing, access the first two columns\n",
    "\n",
    "7. Continuing, access the  first and third columns using step\n",
    "\n",
    "8. Continuing, print the whole matrix in reverse columns but not rows\n",
    "\n",
    "9. Change the third row, fourth column element (i.e., the last element) to 999"
   ]
  },
  {
   "cell_type": "code",
   "execution_count": 3,
   "id": "integrated-dayton",
   "metadata": {},
   "outputs": [
    {
     "name": "stdout",
     "output_type": "stream",
     "text": [
      "Answer Q1:  [[3.66780945 4.7200807  4.64547901 3.82921373]\n",
      " [4.44823436 4.71610409 3.6811851  2.19094093]\n",
      " [1.71639733 1.75710965 1.98580634 3.33364148]]\n",
      "Answer Q2:  (3, 4)\n",
      "Answer Q3:  [3.66780945 4.7200807  4.64547901 3.82921373]\n",
      "Answer Q4:  [3.66780945 4.44823436 1.71639733]\n",
      "Answer Q5:  3.6811851017442163\n",
      "Answer Q6:  [[3.66780945 4.7200807 ]\n",
      " [4.44823436 4.71610409]\n",
      " [1.71639733 1.75710965]]\n",
      "Answer Q7:  [[3.66780945 4.64547901]\n",
      " [4.44823436 3.6811851 ]\n",
      " [1.71639733 1.98580634]]\n",
      "Answer Q8:  [[3.82921373 4.64547901 4.7200807  3.66780945]\n",
      " [2.19094093 3.6811851  4.71610409 4.44823436]\n",
      " [3.33364148 1.98580634 1.75710965 1.71639733]]\n",
      "Answer Q9:  [[  3.66780945   4.7200807    4.64547901   3.82921373]\n",
      " [  4.44823436   4.71610409   3.6811851    2.19094093]\n",
      " [  1.71639733   1.75710965   1.98580634 999.        ]]\n"
     ]
    }
   ],
   "source": [
    "#====== 1 =======\n",
    "n1 = np.random.uniform(1,5,(3,4))\n",
    "print(\"Answer Q1: \",n1 )\n",
    "#====== 2 =======\n",
    "print(\"Answer Q2: \",n1.shape )\n",
    "#====== 3 =======\n",
    "print(\"Answer Q3: \",n1[0,:] )\n",
    "#====== 4 =======\n",
    "print(\"Answer Q4: \",n1[:,0] )\n",
    "#====== 5 =======\n",
    "print(\"Answer Q5: \",n1[1,2] )\n",
    "#====== 6 =======\n",
    "print(\"Answer Q6: \",n1[:,:2] )\n",
    "#====== 7 =======\n",
    "print(\"Answer Q7: \",n1[:,::2] )\n",
    "#====== 8 =======\n",
    "print(\"Answer Q8: \",n1[:,::-1] )\n",
    "#====== 9 =======\n",
    "n1[2,3] = 999\n",
    "print(\"Answer Q9: \",n1 )"
   ]
  },
  {
   "cell_type": "markdown",
   "id": "current-blanket",
   "metadata": {},
   "source": [
    "### ===Task===\n",
    "\n",
    "1. Create a numpy array of size 200 by 4 with random float values between 1 to 5\n",
    "\n",
    "2. Split the array into two numpy arrays, X and y, where the X contains the first 3 columns and y contains the last column.\n",
    "\n",
    "3. Continuing, split the first 70% of the 200 rows of X and y and call them <code>X_train</code> and <code>y_train</code>. Similarly, populate <code>X_test</code> and <code>y_test</code> using same corresponding columns but 30\\% rest of the data.\n",
    "\n",
    "4. Print the shape of the <code>X_train</code> and <code>y_train</code>.  The first array should have shape (0.7 * 200, 3); the second array is (0.7 * 200, 1)\n",
    "\n",
    "5. Assign m = <code>X_train.shape[0]</code>, and n = <code>X_train.shape[1]</code>, where $m$ is number of samples, and $n$ is number of features\n",
    "\n",
    "6. Randomly select one row of <code>X_train</code> by using <code>np.random.randint</code> to select the random row and called it <code>X_i</code>.  Reshape it so that it has shape of <code>(1, n)</code>"
   ]
  },
  {
   "cell_type": "code",
   "execution_count": 4,
   "id": "seventh-cartridge",
   "metadata": {},
   "outputs": [
    {
     "name": "stdout",
     "output_type": "stream",
     "text": [
      "(200, 4)\n",
      "(200, 3)\n",
      "(200,)\n",
      "Answer Q4:  (140, 3) (60, 3) (140,) (60,)\n",
      "Answer Q5:  140 3\n",
      "Answer Q6: \n",
      "122\n",
      "(3,)\n",
      "(1, 3)\n"
     ]
    }
   ],
   "source": [
    "#====== 1 =======\n",
    "data = np.random.uniform(1,5,(200,4))\n",
    "print(data.shape)\n",
    "#====== 2 =======\n",
    "X = data[:,:3]\n",
    "print(X.shape)\n",
    "y = data[:,3]\n",
    "print(y.shape)\n",
    "#====== 3 =======\n",
    "split = int(0.7*200)\n",
    "X_train = X[:split,:]\n",
    "X_test = X[split:,:]\n",
    "y_train = y[:split]\n",
    "y_test = y[split:]\n",
    "#====== 4 =======\n",
    "print(\"Answer Q4: \",X_train.shape,X_test.shape,y_train.shape,y_test.shape)\n",
    "#====== 5 =======\n",
    "m = X_train.shape[0]\n",
    "n = X_train.shape[1]\n",
    "print(\"Answer Q5: \", m,n)\n",
    "#====== 6 =======\n",
    "print(\"Answer Q6: \")\n",
    "random_idx = np.random.randint(split)\n",
    "print(random_idx)\n",
    "X_i = X_train[random_idx]\n",
    "print(X_i.shape)\n",
    "X_i = X_i.reshape(1,n)\n",
    "print(X_i.shape)"
   ]
  },
  {
   "cell_type": "markdown",
   "id": "organic-renaissance",
   "metadata": {},
   "source": [
    "\n",
    "6. Randomly select 50 contiguous rows from <code>X_train</code> and called it <code>mini_batch_X</code>.  If the index exceeds, simply grab whatever left.\n",
    "\n",
    "7. Write a for loop that breaks the <code>X_train</code> into 10 equal pieces without overlap, each containing 10\\% of row data but all columns, and simply print their shape\n",
    "\n",
    "8. Create an np.zero array called <code>theta</code> with shape of <code>(n, )</code>\n",
    "\n",
    "9. Perform a dot product between <code>X_train</code> and <code>theta</code> and assign this value to a variable called <code>yhat</code>\n",
    "\n",
    "10. Create another variable called <code>y</code> with the same shape as <code>yhat</code>, and populate it with random values from 0 to 1.\n",
    "\n",
    "11. Calculate the following \n",
    "    $$ \\frac{\\sum\\limits_{i=1}^{m} (y_i - \\hat{y_i})^2}{m} $$\n",
    "    \n",
    "    For example, if yhat = [1, 2, 3] and y = [2, 3, 4], then the calculation is\n",
    "    \n",
    "    $$ \\frac{sum((1-2)^2 + (2-3)^2 + (3-4)^2)}{m} $$"
   ]
  },
  {
   "cell_type": "code",
   "execution_count": 5,
   "id": "paperback-keyboard",
   "metadata": {},
   "outputs": [
    {
     "name": "stdout",
     "output_type": "stream",
     "text": [
      "Answer Q7: \n",
      "96\n",
      "(44, 3)\n",
      "Answer Q8: \n",
      "(14, 3)\n",
      "(14, 3)\n",
      "(14, 3)\n",
      "(14, 3)\n",
      "(14, 3)\n",
      "(14, 3)\n",
      "(14, 3)\n",
      "(14, 3)\n",
      "(14, 3)\n",
      "(14, 3)\n",
      "Answer Q9: \n",
      "(3,)\n",
      "Answer Q10: \n",
      "(140,)\n",
      "Answer Q11: \n",
      "(140,)\n",
      "Answer Q12: \n",
      "0.32754582218047196\n"
     ]
    }
   ],
   "source": [
    "#====== 7 =======\n",
    "print(\"Answer Q7: \")\n",
    "random_idx = np.random.randint(split)\n",
    "print(random_idx)\n",
    "mini_batch_X = X_train[random_idx:random_idx+50,:]\n",
    "print(mini_batch_X.shape)\n",
    "#====== 8 =======\n",
    "print(\"Answer Q8: \")\n",
    "size = int(X_train.shape[0]/10)\n",
    "for idx in range(0, X_train.shape[0], size):\n",
    "    batch = X_train[idx:idx + size]\n",
    "    print(batch.shape)\n",
    "#====== 9 =======\n",
    "print(\"Answer Q9: \")\n",
    "n = X_train.shape[1]\n",
    "theta = np.zeros(n)\n",
    "print(theta.shape)\n",
    "#====== 10 =======\n",
    "print(\"Answer Q10: \")\n",
    "yhat = np.dot(X_train,theta)\n",
    "print(yhat.shape)\n",
    "#====== 11 =======\n",
    "print(\"Answer Q11: \")\n",
    "y = np.random.uniform(0,1,(yhat.shape[0]))\n",
    "print(y.shape)\n",
    "#====== 12 =======\n",
    "print(\"Answer Q12: \")\n",
    "ans = np.sum((y-yhat)**2)/m\n",
    "print(ans)"
   ]
  },
  {
   "cell_type": "markdown",
   "id": "arctic-pepper",
   "metadata": {},
   "source": [
    "### ===Task===\n",
    "\n",
    "1. From the above <code>X_train</code> from previous task, using concatenation, add a column of 1s along axis=1\n",
    "\n",
    "2. Create a <code>theta</code> of shape (n + 1, 4), with random values between 0 and 1\n",
    "\n",
    "3. Perform a dot product between X_train and theta, and assign this value to a variable called <code>hot_encoded_yhat</code>\n",
    "\n",
    "4. Continuing, using broadcasting and vectorization, for each value (here I use example as value1) in <code>hot_encoded_yhat</code>, perform the following calculations.\n",
    "\n",
    "$$ \\frac{\\exp(value1)}{\\exp(value1)+\\exp(value2)+\\exp(value3)+\\exp(value4)} $$\n",
    "\n",
    "For example, if my first row is [0.3, 0.5, 1.2, 3.1], then the first value 0.3 will change to\n",
    "\n",
    "exp(0.3) / (exp(0.3) + exp(0.5) + exp(1.2) + exp(3.1))\n",
    "\n",
    "The second value 0.5 will become\n",
    "\n",
    "exp(0.5) / (exp(0.3) + exp(0.5) + exp(1.2) + exp(3.1))"
   ]
  },
  {
   "cell_type": "code",
   "execution_count": 6,
   "id": "allied-plenty",
   "metadata": {},
   "outputs": [
    {
     "name": "stdout",
     "output_type": "stream",
     "text": [
      "Answer Q1: \n",
      "(140, 1)\n",
      "(140, 4)\n",
      "Answer Q2: \n",
      "(4, 4)\n",
      "Answer Q3: \n",
      "(140, 4)\n",
      "Answer Q4: \n",
      "[[0.09047156 0.17491321 0.14786645 0.58674879]\n",
      " [0.01524882 0.08874001 0.02938463 0.86662654]\n",
      " [0.02575901 0.13569792 0.0442715  0.79427157]\n",
      " [0.01672494 0.10444788 0.0386649  0.84016227]\n",
      " [0.03698534 0.14681007 0.04403019 0.7721744 ]\n",
      " [0.0606525  0.13351997 0.04344792 0.76237961]\n",
      " [0.04780128 0.19125609 0.07581674 0.6851259 ]\n",
      " [0.02532018 0.1596396  0.06620161 0.74883861]\n",
      " [0.01869331 0.09768481 0.04049851 0.84312338]\n",
      " [0.02561842 0.13459204 0.04327713 0.79651242]\n",
      " [0.0309685  0.10291582 0.05946428 0.8066514 ]\n",
      " [0.04322489 0.12100184 0.06189615 0.77387712]\n",
      " [0.09664143 0.24333046 0.14344925 0.51657886]\n",
      " [0.08004019 0.15108411 0.07307346 0.69580225]\n",
      " [0.00696506 0.04147306 0.01058925 0.94097263]\n",
      " [0.04290137 0.140651   0.0764376  0.74001003]\n",
      " [0.02480721 0.08868655 0.03540524 0.85110099]\n",
      " [0.02054888 0.07719937 0.03418811 0.86806364]\n",
      " [0.01277591 0.09572595 0.03825795 0.8532402 ]\n",
      " [0.02921276 0.0934411  0.04432069 0.83302545]\n",
      " [0.0394972  0.13144784 0.04798678 0.78106817]\n",
      " [0.03915493 0.13011508 0.0645528  0.76617719]\n",
      " [0.03346017 0.1470217  0.0686828  0.75083533]\n",
      " [0.05865596 0.14194978 0.08071585 0.71867841]\n",
      " [0.01827164 0.13869801 0.04686045 0.7961699 ]\n",
      " [0.06530879 0.15704881 0.06331671 0.71432569]\n",
      " [0.03430222 0.1445217  0.08653394 0.73464213]\n",
      " [0.02316438 0.10391804 0.04533636 0.82758122]\n",
      " [0.06995189 0.21077701 0.08800482 0.63126628]\n",
      " [0.01790879 0.09212174 0.03268623 0.85728324]\n",
      " [0.01803945 0.08098363 0.02449594 0.87648098]\n",
      " [0.01617013 0.10145049 0.04382496 0.83855443]\n",
      " [0.06859907 0.19856782 0.14138704 0.59144607]\n",
      " [0.13933115 0.2309755  0.20779971 0.42189364]\n",
      " [0.06233793 0.12908543 0.05257443 0.75600221]\n",
      " [0.09109229 0.14185089 0.09186938 0.67518744]\n",
      " [0.02331591 0.13884344 0.0620145  0.77582615]\n",
      " [0.06645039 0.11697747 0.06260304 0.75396909]\n",
      " [0.01106886 0.07814051 0.02554327 0.88524735]\n",
      " [0.01661005 0.11543949 0.04819094 0.81975952]\n",
      " [0.10404516 0.22244339 0.17192447 0.50158698]\n",
      " [0.06125805 0.16773523 0.0770319  0.69397482]\n",
      " [0.01335831 0.08407854 0.03886596 0.86369719]\n",
      " [0.11800782 0.2566499  0.12086305 0.50447923]\n",
      " [0.06928078 0.18893786 0.11744598 0.62433537]\n",
      " [0.05548094 0.13945143 0.06339556 0.74167206]\n",
      " [0.11031394 0.25833806 0.1234785  0.5078695 ]\n",
      " [0.05373585 0.17574649 0.08490172 0.68561594]\n",
      " [0.07100274 0.13167253 0.08226448 0.71506025]\n",
      " [0.06920541 0.23692857 0.10862018 0.58524583]\n",
      " [0.01664142 0.05711847 0.02243517 0.90380494]\n",
      " [0.02954522 0.09879441 0.02995234 0.84170803]\n",
      " [0.12437018 0.22257219 0.13381207 0.51924555]\n",
      " [0.02731383 0.11740561 0.070659   0.78462156]\n",
      " [0.03111062 0.18638651 0.06246779 0.72003508]\n",
      " [0.0218561  0.06007153 0.0243393  0.89373307]\n",
      " [0.02810036 0.08647753 0.02778904 0.85763307]\n",
      " [0.05470781 0.1541685  0.09024814 0.70087555]\n",
      " [0.08524663 0.16648164 0.11153459 0.63673714]\n",
      " [0.03887999 0.13355712 0.06632626 0.76123662]\n",
      " [0.09763451 0.17408492 0.05493024 0.67335033]\n",
      " [0.03454274 0.13944242 0.10596032 0.72005452]\n",
      " [0.02531906 0.11122928 0.03375512 0.82969653]\n",
      " [0.02030101 0.1198497  0.03262021 0.82722909]\n",
      " [0.11775154 0.22396335 0.13582903 0.52245608]\n",
      " [0.02690389 0.14536827 0.07063443 0.75709342]\n",
      " [0.01125346 0.04148666 0.01582296 0.93143691]\n",
      " [0.01034786 0.05670098 0.01400555 0.91894561]\n",
      " [0.06003575 0.18224501 0.06154311 0.69617613]\n",
      " [0.01931768 0.10021429 0.04403288 0.83643515]\n",
      " [0.04217393 0.11361671 0.03674894 0.80746042]\n",
      " [0.09456424 0.22948708 0.08281933 0.59312936]\n",
      " [0.00771742 0.04798885 0.01304839 0.93124534]\n",
      " [0.02115247 0.08087647 0.02821753 0.86975353]\n",
      " [0.11427324 0.16030014 0.09900722 0.6264194 ]\n",
      " [0.02891775 0.09537215 0.05438331 0.82132679]\n",
      " [0.08133577 0.14118051 0.05794463 0.71953908]\n",
      " [0.09699436 0.16247055 0.11712652 0.62340857]\n",
      " [0.01760368 0.07908282 0.01794924 0.88536425]\n",
      " [0.01795149 0.06601279 0.0263009  0.88973482]\n",
      " [0.01365422 0.10998202 0.03204658 0.84431718]\n",
      " [0.045784   0.11840334 0.03182417 0.80398849]\n",
      " [0.00745785 0.05171392 0.01061754 0.93021069]\n",
      " [0.08081241 0.14972168 0.05470609 0.71475982]\n",
      " [0.10899542 0.21339494 0.17527727 0.50233237]\n",
      " [0.01868553 0.11994944 0.03633152 0.82503352]\n",
      " [0.03886994 0.10445823 0.05490617 0.80176566]\n",
      " [0.0238367  0.12210112 0.04659844 0.80746375]\n",
      " [0.0982454  0.20311252 0.08155311 0.61708897]\n",
      " [0.03007863 0.1128081  0.03209527 0.825018  ]\n",
      " [0.03165759 0.12595264 0.05198698 0.79040279]\n",
      " [0.1026776  0.22130117 0.16651425 0.50950698]\n",
      " [0.01095751 0.06876627 0.01571234 0.90456388]\n",
      " [0.04161799 0.08421793 0.04192249 0.8322416 ]\n",
      " [0.11598135 0.20076475 0.0982221  0.58503181]\n",
      " [0.00925115 0.06136885 0.02159562 0.90778438]\n",
      " [0.02465381 0.08869066 0.0344064  0.85224914]\n",
      " [0.06118288 0.15891988 0.11478408 0.66511316]\n",
      " [0.01390343 0.08335872 0.02220903 0.88052882]\n",
      " [0.00723652 0.04310321 0.0144928  0.93516748]\n",
      " [0.03213864 0.12976047 0.05193424 0.78616664]\n",
      " [0.03821474 0.11571831 0.06171209 0.78435486]\n",
      " [0.01734834 0.09951593 0.02765577 0.85547996]\n",
      " [0.03921052 0.1246729  0.04495004 0.79116654]\n",
      " [0.02709321 0.13563644 0.05339161 0.78387874]\n",
      " [0.01259254 0.08365973 0.01967017 0.88407756]\n",
      " [0.03048262 0.14799819 0.05266312 0.76885606]\n",
      " [0.0617105  0.17414982 0.05310633 0.71103336]\n",
      " [0.11615912 0.28157577 0.12561917 0.47664594]\n",
      " [0.04451015 0.13499576 0.07536346 0.74513064]\n",
      " [0.05532046 0.14980919 0.06049455 0.7343758 ]\n",
      " [0.00625655 0.04746195 0.00896377 0.93731774]\n",
      " [0.07086318 0.14318431 0.04659729 0.73935523]\n",
      " [0.01783336 0.10249593 0.02998755 0.84968316]\n",
      " [0.02658202 0.10736774 0.0509215  0.81512874]\n",
      " [0.00736494 0.04866266 0.00961694 0.93435547]\n",
      " [0.01175661 0.11140467 0.03443332 0.8424054 ]\n",
      " [0.04278365 0.10457063 0.0410405  0.81160521]\n",
      " [0.11317393 0.24813332 0.12370351 0.51498923]\n",
      " [0.02543919 0.11177957 0.0283914  0.83438985]\n",
      " [0.00965162 0.07957202 0.0227583  0.88801806]\n",
      " [0.01941657 0.11239817 0.05142226 0.816763  ]\n",
      " [0.02048562 0.09158619 0.03723164 0.85069655]\n",
      " [0.01643361 0.09984445 0.03476039 0.84896155]\n",
      " [0.03293729 0.08507471 0.03377558 0.84821242]\n",
      " [0.10773317 0.17232676 0.09052394 0.62941612]\n",
      " [0.08734648 0.20234379 0.06625264 0.64405709]\n",
      " [0.06824916 0.17215893 0.10882146 0.65077045]\n",
      " [0.06090422 0.23438363 0.10114422 0.60356793]\n",
      " [0.07644783 0.20772076 0.08030759 0.63552382]\n",
      " [0.00912132 0.04726273 0.011481   0.93213495]\n",
      " [0.12285038 0.24972243 0.17440968 0.45301751]\n",
      " [0.0174871  0.10074413 0.06012685 0.82164192]\n",
      " [0.12628726 0.2347997  0.15625368 0.48265935]\n",
      " [0.03713494 0.08695934 0.03274294 0.84316278]\n",
      " [0.0276654  0.15072326 0.05893666 0.76267468]\n",
      " [0.0265747  0.10772275 0.05449123 0.81121132]\n",
      " [0.0204489  0.1208363  0.03914419 0.81957061]\n",
      " [0.00925654 0.05841801 0.01994542 0.91238003]\n",
      " [0.03576336 0.12545841 0.07891264 0.75986559]]\n"
     ]
    }
   ],
   "source": [
    "#====== 1 =======\n",
    "print(\"Answer Q1: \")\n",
    "ones = np.ones((X_train.shape[0],1))\n",
    "print(ones.shape)\n",
    "hi = np.concatenate((X_train,ones),axis=1)\n",
    "print(hi.shape)\n",
    "#====== 2 =======\n",
    "print(\"Answer Q2: \")\n",
    "theta = np.random.uniform(0,1,(n+1,4))\n",
    "print(theta.shape)\n",
    "#====== 3 =======\n",
    "print(\"Answer Q3: \")\n",
    "hot_encoded_yhat = np.dot(hi,theta)\n",
    "print(hot_encoded_yhat.shape)\n",
    "#====== 4 =======\n",
    "print(\"Answer Q4: \")\n",
    "hot_encoded_yhat = np.exp(hot_encoded_yhat) / np.sum(np.exp(hot_encoded_yhat), axis = 1, keepdims=True)\n",
    "print(hot_encoded_yhat)"
   ]
  },
  {
   "cell_type": "markdown",
   "id": "duplicate-joseph",
   "metadata": {},
   "source": [
    "\n",
    "5. Create a variable called <code>yhat</code> which is equal to the <code>np.argmax</code> of <code>hot_encoded_yhat</code> along axis=1.  That is, <code>yhat</code> has the shape of <code>(X_train.shape[0], )</code>.  For example, if the first row of <code>hot_encoded_yhat</code> is [0.1, 0.2, 0.3, 0.4], since the fourth value is the biggest, the value will be its index which is 3.\n",
    "\n",
    "6. Create a variable called <code>y</code>, containing shape of <code>(X_train.shape[0], )</code> but with random int values from [0, 1, 2, 3]\n",
    "\n",
    "7. Assign a variable <code>n_classses</code> equal to the number of unique values in <code>y</code>"
   ]
  },
  {
   "cell_type": "code",
   "execution_count": 9,
   "id": "amber-intent",
   "metadata": {},
   "outputs": [
    {
     "name": "stdout",
     "output_type": "stream",
     "text": [
      "Answer Q5: \n",
      "(140,)\n",
      "140\n",
      "Answer Q6: \n",
      "(140,)\n",
      "Answer Q7: \n",
      "4\n"
     ]
    }
   ],
   "source": [
    "#====== 5 =======\n",
    "print(\"Answer Q5: \")\n",
    "yhat = np.argmax(hot_encoded_yhat, axis = 1)\n",
    "print(yhat.shape)\n",
    "print(X_train.shape[0])\n",
    "#====== 6 =======\n",
    "print(\"Answer Q6: \")\n",
    "y = np.random.randint(0,4,(X_train.shape[0],))\n",
    "print(y.shape)\n",
    "#====== 7 =======\n",
    "print(\"Answer Q7: \")\n",
    "n_classes = len(np.unique(y))\n",
    "print(n_classes)"
   ]
  },
  {
   "cell_type": "markdown",
   "id": "induced-thirty",
   "metadata": {},
   "source": [
    "### ===Task===\n",
    "\n",
    "1. Take the above variables <code>yhat</code> and <code>y</code>, sum up the counts when their corresponding value are the same.  Then divide this sum by $m$.  Called this variable <code>accuracy</code>\n",
    "\n",
    "2. Let's practice masking.  Convert <code>y</code> into <code>hot_encoded_y</code> matrix of shape <code>(X_train.shape[0], 4)</code>, where the column will be one according to its value, and other columns will be zero.  For example, if the first row is 1, then it will become 0 1 0 0.  If the second row is 2, then it will become 0 0 1 0\n"
   ]
  },
  {
   "cell_type": "code",
   "execution_count": 11,
   "id": "coated-disease",
   "metadata": {},
   "outputs": [
    {
     "name": "stdout",
     "output_type": "stream",
     "text": [
      "Answer Q1: \n",
      "0.22857142857142856\n",
      "Answer Q2: \n",
      "[0. 0. 0. 1.]\n"
     ]
    }
   ],
   "source": [
    "#====== 1 =======\n",
    "print(\"Answer Q1: \")\n",
    "accuracy = len(yhat[yhat == y])/m\n",
    "print(accuracy)\n",
    "#====== 2 =======\n",
    "print(\"Answer Q2: \")\n",
    "hot_encoded_y = np.zeros((X_train.shape[0], 4))\n",
    "for i, c in enumerate(y):\n",
    "    hot_encoded_y[i,c] = 1\n",
    "print(hot_encoded_y[0])"
   ]
  },
  {
   "cell_type": "markdown",
   "id": "atomic-projection",
   "metadata": {},
   "source": [
    "3. Grab the data from <code>data = np.genfromtxt('../data/perceptron.csv', delimiter=',', skip_header=1)</code>\n",
    "    - set X to be all columns except last\n",
    "    - set y to be the last column\n",
    "    - select X where its corresponding y is 0\n",
    "    - select X where its corresponding y is 1\n",
    "    \n",
    "4. Grab the data from <code>iris = np.genfromtxt('../data/iris.csv', delimiter=',', encoding=\"utf-8\", dtype=None)</code>\n",
    "    - set iris_without_headers to all rows except the first row\n",
    "    - set sepal_length to second column of iris_without_headers\n",
    "    - set petal_length to fourth column of iris_without_headers\n",
    "    - print the shape of iris_without_headers where sepal_length is less than 5, and petal_length is greater than 1.5"
   ]
  },
  {
   "cell_type": "code",
   "execution_count": 38,
   "id": "compound-concern",
   "metadata": {},
   "outputs": [
    {
     "name": "stdout",
     "output_type": "stream",
     "text": [
      "Answer Q3: \n",
      "(20, 3)\n",
      "(20, 2) (20,)\n",
      "(10, 2) (10, 2)\n",
      "Answer Q4: \n",
      "(101, 6)\n",
      "(100, 6)\n",
      "(100,)\n",
      "(5, 6)\n"
     ]
    }
   ],
   "source": [
    "#====== 3 =======\n",
    "print(\"Answer Q3: \")\n",
    "data = np.genfromtxt('../data/perceptron.csv', delimiter=',', skip_header=1)\n",
    "print(data.shape)\n",
    "X = data[:,:2]\n",
    "y = data[:,2]\n",
    "print(X.shape, y.shape)\n",
    "X_0 = X[y==0]\n",
    "X_1 = X[y==1]\n",
    "print(X_0.shape, X_1.shape)\n",
    "#====== 4 =======\n",
    "print(\"Answer Q4: \")\n",
    "iris = np.genfromtxt('../data/iris.csv', delimiter=',', encoding=\"utf-8\", dtype=None)\n",
    "print(iris.shape)\n",
    "iris_without_headers = iris[1:,:]\n",
    "print(iris_without_headers.shape)\n",
    "sepal_length = iris_without_headers[:,1].astype(float)\n",
    "petal_length = iris_without_headers[:,3].astype(float)\n",
    "cond1= sepal_length<5\n",
    "cond2= petal_length>1.5\n",
    "print(petal_length.shape)\n",
    "filtered = iris_without_headers[cond1& cond2]\n",
    "print(filtered.shape) "
   ]
  },
  {
   "cell_type": "code",
   "execution_count": null,
   "id": "incoming-brass",
   "metadata": {},
   "outputs": [],
   "source": []
  }
 ],
 "metadata": {
  "kernelspec": {
   "display_name": "Python 3",
   "language": "python",
   "name": "python3"
  },
  "language_info": {
   "codemirror_mode": {
    "name": "ipython",
    "version": 3
   },
   "file_extension": ".py",
   "mimetype": "text/x-python",
   "name": "python",
   "nbconvert_exporter": "python",
   "pygments_lexer": "ipython3",
   "version": "3.6.9"
  }
 },
 "nbformat": 4,
 "nbformat_minor": 5
}
